simple_rnn/simple_rnn_cell/kernel:0
(5, 3)
[[ 1.2428737  -1.2807454  -1.0110534 ]
 [-1.0037293  -2.0313125   1.1277983 ]
 [-0.65635294  1.7141336  -1.6521025 ]
 [-1.8438209   0.8645122   1.3003323 ]
 [ 0.9753081   1.1814737   1.2734662 ]]
simple_rnn/simple_rnn_cell/recurrent_kernel:0
(3, 3)
[[ 0.24669397 -0.83426493 -0.4930964 ]
 [-0.0152199  -0.512095    0.858794  ]
 [-0.96897393 -0.2043544  -0.13902816]]
simple_rnn/simple_rnn_cell/bias:0
(3,)
[0.3048782  0.32605314 0.133643  ]
dense/kernel:0
(3, 5)
[[ 1.1822976   1.4564371  -1.4371853  -0.65898377 -1.904236  ]
 [ 1.142043   -2.1786797  -2.2994866   0.77579695  1.0543501 ]
 [ 1.6949433  -1.769573    1.7910961  -1.8632581   1.5891557 ]]
dense/bias:0
(5,)
[-0.1629837   0.3152439  -0.0344358   0.6943906  -0.11825345]
