embedding/embeddings:0
(5, 2)
[[-0.18113376 -1.1039551 ]
 [ 0.7186292   0.40498674]
 [-0.94581085 -0.27307853]
 [-0.61772996  0.79898155]
 [ 0.8641205  -0.77448034]]
simple_rnn/simple_rnn_cell/kernel:0
(2, 3)
[[ 1.5549637   0.28801915  1.9120157 ]
 [-1.3832504   1.5081743   1.2178013 ]]
simple_rnn/simple_rnn_cell/recurrent_kernel:0
(3, 3)
[[-0.32948887 -0.23915958  0.9133674 ]
 [-0.926765    0.26676017 -0.26447237]
 [ 0.18039893  0.9336176   0.30953914]]
simple_rnn/simple_rnn_cell/bias:0
(3,)
[ 0.06132862 -0.02035705  0.35178968]
dense/kernel:0
(3, 5)
[[ 1.4392095   0.8607233   0.18538973 -1.448061   -1.6103479 ]
 [-1.1370603  -0.85405195  1.3585098  -1.0153488   1.5820355 ]
 [ 1.170422   -1.2941583   1.5306672  -1.5695971   0.7054439 ]]
dense/bias:0
(5,)
[-0.3839223   0.16316217  0.3525052  -0.10131267  0.3130662 ]
