embedding/embeddings:0
(26, 2)
[[ 0.5015486   0.11226375]
 [ 0.0234688  -0.59078556]
 [-0.45799163 -0.5801231 ]
 [-0.59136784 -0.20474255]
 [-0.25820443  0.10178114]
 [ 0.272954    0.23073201]
 [-0.3427444   0.43526   ]
 [ 0.45962888  0.686066  ]
 [-0.10561564  0.5791459 ]
 [ 0.01860792  0.5242047 ]
 [ 0.33687815 -0.4925572 ]
 [-0.48149398 -0.48133135]
 [-0.4794077   0.41794458]
 [ 0.51162916  0.16395546]
 [ 0.5646956  -0.48217466]
 [ 0.373187   -0.32418415]
 [ 0.06383412  0.24473919]
 [-0.6660187   0.33987498]
 [-0.19529209  0.21679717]
 [ 0.44561407 -0.07262393]
 [-0.5342614   0.03505674]
 [ 0.6147647  -0.79110044]
 [ 0.39766034 -0.57628983]
 [-0.6020505  -0.5475531 ]
 [ 0.855548   -0.7512349 ]
 [ 0.01073899 -0.00347652]]
simple_rnn/simple_rnn_cell/kernel:0
(2, 10)
[[ 0.9298128   0.08591235  1.0099684  -1.0913551   0.56193346  1.3730518
   1.2121068   0.59646827  0.08933609 -0.6016711 ]
 [-0.9974725   0.8406547  -0.9088175   0.88559794  0.23549247  1.3101796
  -0.6746743  -1.1081309  -0.15333016  1.25069   ]]
simple_rnn/simple_rnn_cell/recurrent_kernel:0
(10, 10)
[[-0.6055425  -0.9180899   0.9304793  -0.26119062 -0.27770355 -0.94291335
   0.10187764  0.59709877  0.741245   -1.1459162 ]
 [-0.08258422  0.9717791   0.8394116  -0.25180122  0.5915005  -0.6707543
   0.33664864  0.33437973 -1.2728156   0.28488398]
 [ 0.23458281 -0.654824   -0.04374697  0.25988814 -1.072175    1.1147418
  -0.2775798   0.5795255  -0.04353264 -0.56721973]
 [-0.52955085  0.90459776 -0.69509137  0.88024074  0.5599652   0.8912735
   0.33343214  0.05931513  1.0840197  -0.39038986]
 [ 1.5605425  -0.19780691  0.987815   -0.11951341 -0.6726801  -0.6574469
   0.4817641  -0.35758895 -0.5875103   1.0139871 ]
 [-0.71978205 -0.73235154  1.1573032   1.6085008   0.8913797   1.0793321
   0.73708606 -0.05278294 -0.59303904  0.41008568]
 [-0.22986096 -1.3630142   0.08885586  0.57036066 -0.4125562   0.44095027
   1.1872447   0.90273553 -0.50006336 -0.5840537 ]
 [-0.89950407 -0.44768995  0.10086361  1.0548774  -0.9526638  -1.3426143
   0.4886139  -0.00738215  0.45921296 -1.2229699 ]
 [-0.31475666  0.3865809   0.17689617 -0.47772723  1.067004    0.22336915
   0.17223457 -1.5705507  -0.32334983 -0.5553267 ]
 [-0.48334798  0.93015075  0.95777863 -0.7199783  -0.37882113  0.22797585
   1.1707515   0.8449493  -0.589109    0.6120201 ]]
simple_rnn/simple_rnn_cell/bias:0
(10,)
[ 0.4666245  -0.19989252 -0.04950075  0.05356295 -0.127037    0.08244441
  0.09930473 -0.06305552  0.07863465 -0.32033256]
dense/kernel:0
(10, 26)
[[-0.26950726 -0.17828913 -0.1269817  -0.46916905 -1.0562098   0.22988051
   1.0115137   0.61245096  0.7055238  -0.808089    0.588139   -0.82100785
  -0.32456806 -1.2350577   0.1692783   0.57293206  1.2017024  -0.82752234
  -1.062682    0.8732241   0.6265691   0.2668285   0.56475806  0.7228331
   0.9614987   0.44363257]
 [ 0.6076877   0.77157634  0.4322729   0.7310742   0.91301095  0.29433367
   0.6964628   0.85159504  0.39559215  0.8969052  -1.3456955  -0.30742505
  -0.7251886  -0.8891298   0.5275709   0.397025   -0.8788     -0.8437021
   0.8463648   0.77685267  0.38451922 -0.9501889  -0.7524387  -1.2699735
  -0.30247653  0.7644718 ]
 [-0.12733728 -0.2689589  -0.25543588 -0.5142657  -0.6976138  -1.1866217
   1.1849499   0.44912568  0.6251343   0.9113142   0.39669484  0.97796357
   0.8903224  -1.0447129  -0.9001372   0.93142205  0.740766   -0.71245724
  -0.5267866  -0.5765449   0.56056577  0.5571974   0.23391919  0.8392463
  -0.61995786 -0.4658257 ]
 [ 0.24710475  0.5537942   0.59268665  0.5180504   0.536749   -1.2214224
  -0.3801466  -0.81509244 -1.1187873   0.07529701  0.79782367  0.81507474
   0.86498094  0.5193397  -1.4343323  -0.82820445 -0.39670214  0.63980883
   0.73410285  0.50355005 -1.0429567  -0.96913636 -0.95868343 -0.565803
  -0.48337135 -1.0696396 ]
 [-0.01022914 -0.13126145 -0.25846982 -0.31475767  0.7496493   0.79584205
   0.77370936 -1.0937822  -1.1364602   1.0461408  -1.0034046  -0.7429306
  -0.62156343 -0.8376074   0.80108464  0.7117359  -0.82066387  0.24523732
   0.4324496   0.673044    1.1270686  -0.96284515 -0.5918796   0.6746922
  -0.9352808   0.6889334 ]
 [-0.26379663 -0.41560698 -0.507052   -0.51266885 -0.8930362  -1.3124933
  -0.5508041  -0.92564994  1.1274976   1.2392085   1.3055024   0.7459799
  -0.95543945  0.3546016   1.1471759  -1.0669936  -1.2556669   1.1992612
   1.1178713   1.1267715   0.35943145 -0.9968748   0.79355687 -0.77833825
  -1.106417    0.76356006]
 [ 0.44193733  0.40848687  0.10897616  0.39334968 -0.74166983 -1.1856761
  -0.63781375 -0.2371852   0.59493256  1.0210214   0.40157387  1.0400777
   0.74952334 -1.0101123  -0.6291639   1.0114554   0.9382671  -0.01719812
  -0.46802926 -0.6871571   1.0125034   0.5128733   0.62075686 -0.20455986
  -1.0608574  -0.977167  ]
 [ 0.17438914  0.32499     0.01540604  0.25437343 -0.608294   -0.784628
  -0.8625366   0.44324967  0.3287787  -0.46159852  0.7023029   0.5928761
   0.82002604  0.620801   -0.56586677 -1.0290579   0.6683788  -1.207619
  -0.55623597 -0.70624256  0.8855329   0.66282177  0.6987985  -0.8579596
   0.899184   -0.3795053 ]
 [ 0.2542692   0.10611742 -0.09672397 -0.13688523  0.4726085  -0.4295275
  -1.1027282  -0.8497877  -0.9931537  -0.81448025 -1.193229    0.7547566
  -0.9708882   0.85008013  0.05837949 -0.8627431   0.00173012  0.8770644
   0.9730197   0.536915   -0.8375709  -0.7856274   1.1796334   0.45462975
   0.6758901   1.0350219 ]
 [-0.14639114 -0.05748298  0.04533207  0.06538424 -1.0416311   0.74661064
   0.8312952   1.0334352   1.0033121   0.35535     0.9730946  -0.5785399
  -0.4526081  -0.18853368  1.2222689   0.72619206 -0.6049067  -0.77785295
   0.7967569   1.0799509   0.5259874   1.3037504  -0.42737326 -0.6918224
  -0.75429577 -1.0035341 ]]
dense/bias:0
(26,)
[-0.44324753 -0.4418758  -0.43599936 -0.420479    0.30308995 -0.10503038
 -0.08932398  0.51269543  0.21202049  0.1940268   0.01361009  0.26638713
  0.33895612  0.26178062  0.3250004   0.14577223 -0.02273005  0.07286213
  0.45616388 -0.04431795  0.6857      0.4910657   0.55036116  0.66250944
  0.13959524  0.42423   ]
