simple_rnn/simple_rnn_cell/kernel:0
(5, 3)
[[ 0.23022394 -0.2107105  -0.95164347]
 [-0.57534206  0.00701185  0.27833498]
 [ 1.71166     1.2078861  -1.6993082 ]
 [-0.71502316 -0.29423663  0.36870876]
 [-1.0553112  -0.38499683  0.98326045]]
simple_rnn/simple_rnn_cell/recurrent_kernel:0
(3, 3)
[[ 1.2469518  -2.1504745  -0.06919532]
 [ 1.241964    0.41468802  1.3045454 ]
 [-1.7786357   0.2608995   0.76883185]]
simple_rnn/simple_rnn_cell/bias:0
(3,)
[0.17036818 0.35076684 0.0230747 ]
dense/kernel:0
(3, 5)
[[ 2.378953    1.6783284  -1.9494568  -1.2571045  -1.4109889 ]
 [ 1.3833494  -2.2495275  -2.5690718   0.7406878   0.80831736]
 [ 0.12213971 -0.76342565  0.73155135 -1.973643    2.0870388 ]]
dense/bias:0
(5,)
[-0.01495482  0.21489364 -0.03019708 -0.25854468 -0.45960984]
